186
252
-25.49578 1.083334 27.15947
-25.49578 1.083334 23.4928
-12.16245 1.083334 23.4928
-25.49578 1.083334 27.15947
-12.16245 1.083334 23.4928
-10.66245 1.083334 23.4928
-25.49578 1.083334 22.15947
-12.49578 1.083334 22.15947
-12.49578 1.083334 23.15947
-25.49578 1.083334 23.4928
-12.49578 1.083334 23.15947
-12.16245 1.083334 23.4928
-25.49578 1.083334 23.4928
-10.32911 1.083334 23.15947
-10.32911 1.083334 22.15947
12.67089 1.083334 22.15947
-10.32911 1.083334 23.15947
12.67089 1.083334 22.15947
12.67089 1.083334 27.15947
-10.66245 1.083334 23.4928
12.67089 1.083334 27.15947
-25.49578 1.083334 27.15947
-10.66245 1.083334 23.4928
12.67089 1.083334 22.15947
21.33756 1.083334 22.15947
21.33756 1.083334 27.15947
12.67089 1.083334 27.15947
-12.49578 1.083334 22.15947
-25.49578 1.083334 22.15947
-25.49578 1.083334 7.826136
-12.49578 1.083334 7.826136
11.67089 1.083334 11.9928
12.67089 1.083334 11.9928
12.67089 1.083334 15.15947
11.33755 1.083334 11.65947
11.67089 1.083334 11.9928
12.67089 1.083334 15.15947
-5.829112 1.083334 15.15947
11.67089 1.083334 3.15947
12.67089 1.083334 3.15947
12.67089 1.083334 9.826136
11.67089 1.083334 9.826136
-3.829112 1.083334 2.65947
-2.329112 1.083334 2.65947
4.170888 1.083334 5.65947
11.67089 1.083334 3.15947
11.67089 1.083334 9.826136
11.33755 1.083334 10.15947
4.504222 1.083334 7.492803
4.504222 1.083334 5.992802
11.33755 1.083334 2.65947
11.33755 1.083334 10.15947
4.170888 1.083334 7.826136
4.504222 1.083334 7.492803
-2.329112 1.083334 2.65947
11.33755 1.083334 2.65947
4.170888 1.083334 5.65947
4.170888 1.083334 7.826136
11.33755 1.083334 10.15947
11.33755 1.083334 11.65947
-5.829112 1.083334 15.15947
-10.32911 1.083334 7.826136
-5.829112 1.083334 17.32614
12.67089 1.083334 17.32614
12.67089 1.083334 22.15947
-10.32911 1.083334 22.15947
-3.829112 1.083334 2.65947
4.170888 1.083334 5.65947
-25.49578 1.083334 5.65947
-25.49578 1.083334 2.65947
-6.162446 1.083334 16.9928
-5.829112 1.083334 17.32614
-10.32911 1.083334 22.15947
-6.162446 1.083334 15.4928
-6.162446 1.083334 16.9928
-10.32911 1.083334 22.15947
-10.32911 1.083334 7.826136
11.33755 1.083334 2.65947
4.504222 1.083334 5.992802
4.170888 1.083334 5.65947
-5.829112 1.083334 15.15947
-6.162446 1.083334 15.4928
-10.32911 1.083334 7.826136
4.004222 1.083334 -12.0072
-15.32911 1.083334 -12.84053
-15.66245 1.083334 -13.17387
4.337554 1.083334 -11.67387
5.837554 1.083334 -11.67387
12.67089 1.083334 -7.507198
-15.99578 1.083334 -5.34053
-4.162446 1.083334 -5.34053
-4.162446 1.083334 2.326136
-15.99578 1.083334 -5.34053
-4.162446 1.083334 2.326136
-3.829112 1.083334 2.65947
-25.49578 1.083334 2.65947
-25.49578 1.083334 -11.0072
-15.32911 1.083334 -11.67387
4.337554 1.083334 -11.67387
12.67089 1.083334 -7.507198
-15.99578 1.083334 -7.507198
-15.66245 1.083334 -11.0072
-15.66245 1.083334 -11.0072
-15.99578 1.083334 -7.507198
-16.32911 1.083334 -7.173864
-25.49578 1.083334 -11.0072
-16.32911 1.083334 -5.673864
-15.99578 1.083334 -5.34053
-25.49578 1.083334 -11.0072
-16.32911 1.083334 -7.173864
-16.32911 1.083334 -5.673864
-25.49578 1.083334 -11.0072
12.67089 1.083334 -5.34053
12.67089 1.083334 0.9928017
11.67089 1.083334 0.9928017
12.67089 1.083334 -5.34053
11.67089 1.083334 0.9928017
11.33755 1.083334 1.326136
-1.995778 1.083334 2.326136
-1.995778 1.083334 -5.34053
11.33755 1.083334 2.65947
-2.329112 1.083334 2.65947
-1.995778 1.083334 2.326136
11.33755 1.083334 1.326136
-15.66245 1.083334 -13.17387
-25.49578 1.083334 -13.17387
-25.49578 1.083334 -19.67387
4.004222 1.083334 -12.0072
4.337554 1.083334 -11.67387
-15.32911 1.083334 -11.67387
-15.32911 1.083334 -12.84053
-15.66245 1.083334 -13.17387
-25.49578 1.083334 -19.67387
4.004222 1.083334 -19.67387
4.004222 1.083334 -12.0072
12.67089 1.083334 -7.507198
5.837554 1.083334 -11.67387
6.17089 1.083334 -12.0072
6.17089 1.083334 -12.0072
6.17089 1.083334 -19.67387
12.67089 1.083334 -19.67387
12.67089 1.083334 -7.507198
14.17089 1.083334 15.15947
12.67089 1.083334 15.15947
12.67089 1.083334 11.9928
14.50422 1.083334 15.4928
14.17089 1.083334 15.15947
12.67089 1.083334 11.9928
21.33756 1.083334 11.9928
12.67089 1.083334 22.15947
12.67089 1.083334 17.32614
14.17089 1.083334 17.32614
12.67089 1.083334 22.15947
14.17089 1.083334 17.32614
14.50422 1.083334 16.9928
21.33756 1.083334 11.9928
21.33756 1.083334 22.15947
14.50422 1.083334 16.9928
14.50422 1.083334 15.4928
21.33756 1.083334 11.9928
12.67089 1.083334 3.15947
21.33756 1.083334 3.15947
21.33756 1.083334 9.826136
12.67089 1.083334 9.826136
12.67089 1.083334 0.9928017
12.67089 1.083334 -5.34053
17.50422 1.083334 -5.34053
21.33756 1.083334 0.9928017
21.33756 1.083334 -19.67387
17.83756 1.083334 -7.173864
17.50422 1.083334 -7.507198
21.33756 1.083334 0.9928017
17.50422 1.083334 -5.34053
17.83756 1.083334 -5.673864
21.33756 1.083334 0.9928017
17.83756 1.083334 -5.673864
17.83756 1.083334 -7.173864
21.33756 1.083334 -19.67387
17.50422 1.083334 -7.507198
12.67089 1.083334 -7.507198
12.67089 1.083334 -19.67387
21.33756 1.083334 -19.67387
5.17089 6.083334 -20.5072
5.004222 6.083334 -20.5072
4.837554 6.083334 -20.67387
5.337554 6.083334 -20.67387
0 2 1
0 5 2
6 8 7
6 1 8
8 1 2
13 15 14
13 18 15
13 5 18
18 5 0
15 25 24
15 18 25
7 29 6
7 30 29
31 33 32
34 33 31
34 37 33
38 40 39
38 41 40
42 44 43
38 47 41
38 48 47
38 49 48
38 50 49
47 48 52
43 44 50
52 34 47
52 37 34
52 61 37
62 15 63
62 14 15
42 68 44
42 69 68
70 14 62
73 14 70
73 61 14
50 44 49
37 61 73
83 85 84
86 88 87
89 91 90
89 42 91
89 69 42
89 96 69
97 88 86
97 100 88
97 101 100
101 104 100
101 96 104
106 96 89
104 96 106
112 114 113
112 117 114
112 118 117
112 119 118
50 118 43
50 117 118
85 126 125
83 97 86
83 84 97
85 133 126
85 83 133
88 137 87
137 140 139
137 88 140
142 32 33
145 32 142
145 148 32
15 151 63
15 154 151
15 148 154
15 24 148
154 148 145
39 162 161
39 40 162
113 166 112
113 167 166
168 170 169
167 173 166
167 169 173
167 168 169
170 140 88
170 168 140
182 184 183
182 185 184
1 4 -1
0 8 -1
3 11 -1
2 4 -1
0 3 -1
6 29 -1
5 7 10
6 8 -1
1 7 -1
10 70 -1
6 9 -1
2 12 -1
11 -1 -1
14 64 -1
13 15 -1
14 26 -1
17 73 -1
16 19 -1
24 30 -1
17 20 -1
19 21 23
20 22 -1
21 35 -1
20 25 -1
18 35 54
23 26 -1
15 25 27
26 36 -1
29 67 -1
5 28 32
18 31 -1
30 41 -1
29 33 -1
32 34 -1
33 36 -1
22 24 -1
27 34 -1
58 60 -1
43 61 -1
40 -1 -1
39 41 -1
31 40 42
41 48 -1
38 44 57
43 45 -1
44 46 -1
45 47 -1
46 49 -1
42 49 -1
47 48 -1
51 74 -1
50 52 -1
51 53 55
52 -1 -1
24 55 -1
52 54 -1
59 -1 -1
43 58 -1
37 57 -1
56 60 -1
37 59 -1
38 63 -1
63 -1 -1
61 62 80
13 65 -1
64 66 -1
65 71 -1
28 68 -1
67 69 -1
68 70 71
9 69 -1
66 69 -1
73 -1 -1
16 72 -1
50 75 -1
74 77 -1
79 81 -1
75 78 -1
77 79 -1
76 78 -1
63 81 -1
76 80 -1
83 -1 -1
82 -1 -1
